=== Regression Summary ===
x_col: ret_3d
y_col: fwd_ret_1d
intercept: 0.0011866065269822358
coef: -0.02744819434117793
std_err: 0.013208445911580168
t_value: -2.078079020417794
p_value: 0.037824332822512956
r_squared: 0.002069872167835274
n_obs: 2084
ci_low: -0.05335133118363434
ci_high: -0.001545057498721518
