=== Regression Summary ===
x_col: ret_3d
y_col: fwd_ret_1d
intercept: 0.0011865760470223176
coef: -0.02744828539937943
std_err: 0.013211796374627539
t_value: -2.0775589193981383
p_value: 0.03787236493882141
r_squared: 0.002069830444839882
n_obs: 2083
ci_low: -0.05335800009069577
ci_high: -0.0015385707080630869
