=== Regression Summary ===
x_col: ret_3d
y_col: fwd_ret_1d
intercept: 0.0011865761210106025
coef: -0.027448268288683148
std_err: 0.013211798911663197
t_value: -2.077557225341372
p_value: 0.03787252128070251
r_squared: 0.002069827076318198
n_obs: 2083
ci_low: -0.0533579879553918
ci_high: -0.001538548621974497
