=== Regression Summary ===
x_col: ret_3d
y_col: fwd_ret_1d
intercept: 0.0011806741457755707
coef: -0.027437438032654714
std_err: 0.013206554114133877
t_value: -2.0775622312629385
p_value: 0.037871941769778296
r_squared: 0.0020678537783216377
n_obs: 2085
ci_low: -0.053336857631105336
ci_high: -0.0015380184342040915
