=== Regression Summary ===
x_col: ret_3d
y_col: fwd_ret_1d
intercept: 0.001182029291358437
coef: -0.027439847390194772
std_err: 0.013206033321792432
t_value: -2.0778266055798813
p_value: 0.03784754999721248
r_squared: 0.002068379000985776
n_obs: 2085
ci_low: -0.05333824566095778
ci_high: -0.0015414491194317634
