=== Regression Summary ===
x_col: ret_3d
y_col: fwd_ret_1d
intercept: 0.0011843495819509817
coef: -0.02744411311640836
std_err: 0.01320545154981168
t_value: -2.0782411728131884
p_value: 0.03780932801329835
r_squared: 0.0020692027398084845
n_obs: 2085
ci_low: -0.05334137047209921
ci_high: -0.0015468557607175096
