=== X Variable Summary ===
series: ret_3d
count: 2084
mean: 0.0032569418921466063
std: 0.03197016102462285
min: -0.18951266402184597
25%: -0.013878287310223197
50%: 0.004245891137282465
75%: 0.02144854984234207
max: 0.1518475776171737
iqr: 0.035326837152565266
lower_fence: -0.0668685430390711
upper_fence: 0.07443880557118997
n_lower_outliers: 52
n_upper_outliers: 34
skew_hint: left-skew candidate
