=== X Variable Summary ===
series: ret_3d
count: 2086
mean: 0.003262072404715161
std: 0.03195603732592629
min: -0.18951266402184597
25%: -0.013851446499463876
50%: 0.0042457901529225905
75%: 0.021437983077832345
max: 0.15184750725296658
iqr: 0.03528942957729622
lower_fence: -0.06678559086540821
upper_fence: 0.07437212744377668
n_lower_outliers: 52
n_upper_outliers: 35
skew_hint: left-skew candidate
