=== X Variable Summary ===
series: ret_3d
count: 2084
mean: 0.0032569417926958033
std: 0.031970163947274484
min: -0.18951266402184597
25%: -0.01387828848846051
50%: 0.004245925937143014
75%: 0.021448756723619844
max: 0.1518474262041356
iqr: 0.035327045212080355
lower_fence: -0.06686885630658104
upper_fence: 0.07443932454174038
n_lower_outliers: 52
n_upper_outliers: 34
skew_hint: left-skew candidate
