=== X Variable Summary ===
series: ret_3d
count: 2086
mean: 0.0032634554956273328
std: 0.031956643662145644
min: -0.18951266402184597
25%: -0.013851590568224187
50%: 0.004245891472355656
75%: 0.02143800858443795
max: 0.1518475286222285
iqr: 0.03528959915266214
lower_fence: -0.0667859892972174
upper_fence: 0.07437240731343116
n_lower_outliers: 52
n_upper_outliers: 35
skew_hint: left-skew candidate
