=== X Variable Summary ===
series: ret_3d
count: 2086
mean: 0.0032658238363763277
std: 0.03195797052955226
min: -0.18951266402184597
25%: -0.013851447311125364
50%: 0.004245857459644675
75%: 0.02145905442721685
max: 0.15184743688875924
iqr: 0.035310501738342215
lower_fence: -0.06681719991863869
upper_fence: 0.07442480703473017
n_lower_outliers: 52
n_upper_outliers: 34
skew_hint: left-skew candidate
