=== X Variable Summary ===
series: ret_3d
count: 2085
mean: 0.0032560470703512476
std: 0.0319625190489816
min: -0.18951266402184597
25%: -0.013868550027460347
50%: 0.004237734612480892
75%: 0.021443569246240468
max: 0.15184749656833785
iqr: 0.035312119273700815
lower_fence: -0.06683672893801157
upper_fence: 0.07441174815679169
n_lower_outliers: 52
n_upper_outliers: 35
skew_hint: left-skew candidate
