=== Y Variable Summary ===
series: fwd_ret_1d
count: 2088
mean: 0.0010973626023692722
std: 0.01927284893018582
min: -0.12864721892173725
25%: -0.00792510870641272
50%: 0.0011489405089014637
75%: 0.010882387716209474
max: 0.1532884850891707
iqr: 0.018807496422622194
lower_fence: -0.03613635334034601
upper_fence: 0.039093632350142765
n_lower_outliers: 62
n_upper_outliers: 49
skew_hint: left-skew candidate
