=== Y Variable Summary ===
series: fwd_ret_1d
count: 2086
mean: 0.0011033020834976264
std: 0.0192802202496833
min: -0.1286468083926957
25%: -0.0079202145343574
50%: 0.0011646326627866577
75%: 0.010902284036382714
max: 0.1532884850891707
iqr: 0.018822498570740115
lower_fence: -0.03615396239046757
upper_fence: 0.03913603189249289
n_lower_outliers: 62
n_upper_outliers: 49
skew_hint: left-skew candidate
