=== Regression Summary ===
x_col: ret_5d
y_col: fwd_ret_1d
intercept: 0.001188287508804692
coef: -0.017180325552070146
std_err: 0.010411780789555802
t_value: -1.6500852159031203
p_value: 0.09907641837862083
r_squared: 0.0013066907192657018
n_obs: 2083
ci_low: -0.03759891678951831
ci_high: 0.0032382656853780153
