=== Regression Summary ===
x_col: ret_5d
y_col: fwd_ret_1d
intercept: 0.0011870832838185845
coef: -0.017207036601629578
std_err: 0.010412169019601302
t_value: -1.6525890589402343
p_value: 0.09856537645851741
r_squared: 0.0013106540774276976
n_obs: 2083
ci_low: -0.0376263891988072
ci_high: 0.003212315995548047
