=== Regression Summary ===
x_col: ret_5d
y_col: fwd_ret_1d
intercept: 0.001192094073062299
coef: -0.01709575465038167
std_err: 0.010415375669691352
t_value: -1.6413958739990684
p_value: 0.1008664456980592
r_squared: 0.0012936034682942132
n_obs: 2082
ci_low: -0.0375214015386075
ci_high: 0.003329892237844162
