=== Regression Summary ===
x_col: ret_5d
y_col: fwd_ret_1d
intercept: 0.0011903488596233908
coef: -0.0171344832267717
std_err: 0.01041136281308696
t_value: -1.645748355367451
p_value: 0.0999665898421765
r_squared: 0.001299840004131414
n_obs: 2083
ci_low: -0.03755225476864264
ci_high: 0.0032832883150992406
