=== X Variable Summary ===
series: ret_5d
count: 2084
mean: 0.005394341381525343
std: 0.0405846130641812
min: -0.22747434580656611
25%: -0.01819845416550031
50%: 0.006721627267938235
75%: 0.029150618871254752
max: 0.18414054177570915
iqr: 0.04734907303675506
lower_fence: -0.0892220637206329
upper_fence: 0.10017422842638735
n_lower_outliers: 36
n_upper_outliers: 28
skew_hint: left-skew candidate
