=== X Variable Summary ===
series: ret_5d
count: 2084
mean: 0.005395705177522382
std: 0.04058450187635442
min: -0.22747422409646578
25%: -0.01819816783365777
50%: 0.006721750433988372
75%: 0.029150492823884766
max: 0.18414081744661326
iqr: 0.047348660657542535
lower_fence: -0.08922115881997157
upper_fence: 0.10017348381019857
n_lower_outliers: 36
n_upper_outliers: 28
skew_hint: left-skew candidate
