=== X Variable Summary ===
series: ret_5d
count: 2084
mean: 0.005398040032817095
std: 0.04058452168424439
min: -0.2274742771417817
25%: -0.018198273936009035
50%: 0.006733181262171928
75%: 0.029150331176065913
max: 0.18414107804691016
iqr: 0.04734860511207495
lower_fence: -0.08922118160412146
upper_fence: 0.10017323884417834
n_lower_outliers: 36
n_upper_outliers: 28
skew_hint: left-skew candidate
