=== X Variable Summary ===
series: ret_5d
count: 2083
mean: 0.005396660958378243
std: 0.04059422083596764
min: -0.22747434580656611
25%: -0.018222225144262583
50%: 0.006733323583804074
75%: 0.029174654903497133
max: 0.18414049007381106
iqr: 0.047396880047759715
lower_fence: -0.08931754521590216
upper_fence: 0.1002699749751367
n_lower_outliers: 35
n_upper_outliers: 27
skew_hint: left-skew candidate
