=== Regression Summary ===
x_col: ret_10d
y_col: fwd_ret_1d
intercept: 0.0012051077355750223
coef: -0.011240963182019621
std_err: 0.0074799113019446755
t_value: -1.5028203849285116
p_value: 0.13303746164691432
r_squared: 0.0010867123329103556
n_obs: 2078
ci_low: -0.025909872230595182
ci_high: 0.00342794586655594
