=== Regression Summary ===
x_col: ret_10d
y_col: fwd_ret_1d
intercept: 0.0012071212085572563
coef: -0.01121277407963081
std_err: 0.007479605416404391
t_value: -1.499113048803186
p_value: 0.13399635104314953
r_squared: 0.001081363074504904
n_obs: 2078
ci_low: -0.025881083253824367
ci_high: 0.0034555350945627457
