=== Regression Summary ===
x_col: ret_10d
y_col: fwd_ret_1d
intercept: 0.0012039307515253658
coef: -0.011257339783076477
std_err: 0.007480193149170573
t_value: -1.5049530885876556
p_value: 0.132488258886172
r_squared: 0.0010897955388196046
n_obs: 2078
ci_low: -0.025926801564318962
ci_high: 0.0034121219981660088
