=== Regression Summary ===
x_col: ret_10d
y_col: fwd_ret_1d
intercept: 0.0012088721962806603
coef: -0.011188259449986167
std_err: 0.007482177798469678
t_value: -1.4953212488848489
p_value: 0.13498268482644235
r_squared: 0.0010764235035529701
n_obs: 2077
ci_low: -0.025861617466759565
ci_high: 0.003485098566787229
