=== X Variable Summary ===
series: ret_10d
count: 2079
mean: 0.010691831429024095
std: 0.05662569674892428
min: -0.2294077018661448
25%: -0.024934222127454442
50%: 0.013586864308174018
75%: 0.04791072918212402
max: 0.22680307299186642
iqr: 0.07284495130957847
lower_fence: -0.13420164909182214
upper_fence: 0.15717815614649172
n_lower_outliers: 23
n_upper_outliers: 13
skew_hint: left-skew candidate
