=== X Variable Summary ===
series: ret_10d
count: 2079
mean: 0.01068940361931671
std: 0.05662429533030957
min: -0.2294077018661448
25%: -0.024934282512361183
50%: 0.013586969368830193
75%: 0.04791067630272994
max: 0.226802799385327
iqr: 0.07284495881509112
lower_fence: -0.13420172073499786
upper_fence: 0.15717811452536662
n_lower_outliers: 23
n_upper_outliers: 13
skew_hint: left-skew candidate
