=== X Variable Summary ===
series: ret_10d
count: 2078
mean: 0.01067483491021309
std: 0.05663402262057239
min: -0.2294078231391995
25%: -0.024950385111302847
50%: 0.013560515217396651
75%: 0.047928351502029065
max: 0.2268023561951873
iqr: 0.07287873661333191
lower_fence: -0.1342684900313007
upper_fence: 0.15724645642202695
n_lower_outliers: 22
n_upper_outliers: 12
skew_hint: left-skew candidate
