=== X Variable Summary ===
series: ret_10d
count: 2079
mean: 0.010687985441016254
std: 0.05662356969288519
min: -0.2294078231391995
25%: -0.02493431308647831
50%: 0.013586759247517843
75%: 0.04791049571393813
max: 0.22680281861635332
iqr: 0.07284480880041644
lower_fence: -0.13420152628710297
upper_fence: 0.15717770891456279
n_lower_outliers: 23
n_upper_outliers: 13
skew_hint: left-skew candidate
