=== Y Variable Summary ===
series: fwd_ret_1d
count: 2087
mean: 0.0011032295399612698
std: 0.019275603408060178
min: -0.12864689275837038
25%: -0.007916015978915891
50%: 0.0011567962685603561
75%: 0.010892639029037143
max: 0.1532884850891707
iqr: 0.018808655007953035
lower_fence: -0.03612899849084544
upper_fence: 0.039105621540966695
n_lower_outliers: 62
n_upper_outliers: 49
skew_hint: left-skew candidate
