=== Regression Summary ===
x_col: ret_1d
y_col: fwd_ret_1d
intercept: 0.0011782635941772377
coef: -0.06947019067469634
std_err: 0.021847514595994565
t_value: -3.1797754554393443
p_value: 0.0014955278352673164
r_squared: 0.004825983960944025
n_obs: 2087
ci_low: -0.11231540428996227
ci_high: -0.026624977059430413
