=== Regression Summary ===
x_col: ret_1d
y_col: fwd_ret_1d
intercept: 0.0011804897062749097
coef: -0.0694711089618954
std_err: 0.021852450671299057
t_value: -3.179099223554754
p_value: 0.0014990147175724788
r_squared: 0.004826245008887731
n_obs: 2086
ci_low: -0.11232601467054211
ci_high: -0.02661620325324869
