=== Regression Summary ===
x_col: ret_1d
y_col: fwd_ret_1d
intercept: 0.0011746116122782636
coef: -0.06946866150784207
std_err: 0.021849337599201775
t_value: -3.179440163457403
p_value: 0.0014972506078882388
r_squared: 0.004824971171520698
n_obs: 2087
ci_low: -0.11231745021909849
ci_high: -0.02661987279658566
