=== Regression Summary ===
x_col: ret_1d
y_col: fwd_ret_1d
intercept: 0.0011759585858792598
coef: -0.06946953859268337
std_err: 0.021848473772281475
t_value: -3.1796060135247233
p_value: 0.0014963982207044522
r_squared: 0.004825472128339947
n_obs: 2087
ci_low: -0.11231663325088106
ci_high: -0.02662244393448568
