=== X Variable Summary ===
series: ret_1d
count: 2088
mean: 0.0010987076990897947
std: 0.019272093531680665
min: -0.12864720430841603
25%: -0.007925164744766955
50%: 0.0011489914245170763
75%: 0.010882416048807242
max: 0.15328838258086197
iqr: 0.018807580793574197
lower_fence: -0.03613653593512825
upper_fence: 0.03909378723916854
n_lower_outliers: 62
n_upper_outliers: 49
skew_hint: left-skew candidate
