=== Regression Summary ===
x_col: ret_20d
y_col: fwd_ret_1d
intercept: 0.0011478601838906502
coef: -0.0009668515416111119
std_err: 0.005258291370219018
t_value: -0.1838718080719138
p_value: 0.8541320745042007
r_squared: 1.6372052437430007e-05
n_obs: 2067
ci_low: -0.011278957452624028
ci_high: 0.009345254369401805
