=== Regression Summary ===
x_col: ret_20d
y_col: fwd_ret_1d
intercept: 0.001144216811507543
coef: -0.0010092385308683024
std_err: 0.005256596448830839
t_value: -0.19199467577405052
p_value: 0.847765244071273
r_squared: 1.7841867298695746e-05
n_obs: 2068
ci_low: -0.011318017582455452
ci_high: 0.009299540520718845
