=== Regression Summary ===
x_col: ret_20d
y_col: fwd_ret_1d
intercept: 0.0011460792439182321
coef: -0.0009875622475202048
std_err: 0.005256367420837952
t_value: -0.1878792269363033
p_value: 0.8509897774974735
r_squared: 1.7085189172649784e-05
n_obs: 2068
ci_low: -0.011295892149358406
ci_high: 0.009320767654317996
