=== Regression Summary ===
x_col: ret_20d
y_col: fwd_ret_1d
intercept: 0.0011431285582420101
coef: -0.0010218898071340501
std_err: 0.005256802209726921
t_value: -0.19439380946142445
p_value: 0.845886648903635
r_squared: 1.8290543066901144e-05
n_obs: 2068
ci_low: -0.011331072379066694
ci_high: 0.009287292764798593
