=== X Variable Summary ===
series: ret_20d
count: 2069
mean: 0.021383100264161042
std: 0.08094307501216422
min: -0.2677207847924896
25%: -0.0334530520007974
50%: 0.02474280046138766
75%: 0.07907341662100476
max: 0.3452923793977274
iqr: 0.11252646862180216
lower_fence: -0.20224275493350063
upper_fence: 0.247863119553708
n_lower_outliers: 14
n_upper_outliers: 6
skew_hint: left-skew candidate
