=== X Variable Summary ===
series: ret_20d
count: 2068
mean: 0.021356010996333604
std: 0.08095327124309819
min: -0.2677209090841237
25%: -0.033529681426382185
50%: 0.024719385535465044
75%: 0.07914333968391846
max: 0.34529198068677514
iqr: 0.11267302111030064
lower_fence: -0.20253921309183315
upper_fence: 0.24815287134936942
n_lower_outliers: 13
n_upper_outliers: 6
skew_hint: left-skew candidate
