=== X Variable Summary ===
series: ret_20d
count: 2069
mean: 0.021380587572260735
std: 0.08094141772499586
min: -0.26772085865252004
25%: -0.033452826442858186
50%: 0.024742926347679273
75%: 0.07907341662100476
max: 0.34529198068677514
iqr: 0.11252624306386294
lower_fence: -0.2022421910386526
upper_fence: 0.24786278121679917
n_lower_outliers: 14
n_upper_outliers: 6
skew_hint: left-skew candidate
