=== X Variable Summary ===
series: ret_20d
count: 2069
mean: 0.021379119844738597
std: 0.0809405231753126
min: -0.2677207613640582
25%: -0.03345288183933326
50%: 0.024742679134461376
75%: 0.07907354515532927
max: 0.3452919513361312
iqr: 0.11252642699466253
lower_fence: -0.20224252233132706
upper_fence: 0.24786318564732307
n_lower_outliers: 14
n_upper_outliers: 6
skew_hint: left-skew candidate
