=== Y Variable Summary ===
series: fwd_ret_1d
count: 2088
mean: 0.0011010111035523011
std: 0.019271251039060387
min: -0.12864700635060078
25%: -0.007911684433607569
50%: 0.00114894054696546
75%: 0.010882392855914025
max: 0.15328838258086197
iqr: 0.018794077289521594
lower_fence: -0.03610280036788996
upper_fence: 0.039073508790196415
n_lower_outliers: 62
n_upper_outliers: 49
skew_hint: left-skew candidate
